[{"id": 0, "img_name": "r_0", "width": 800, "height": 800, "position": [-0.0, 2.7372601032257085, 2.9592916965484632], "rotation": [[-1.0, -0.0, -0.0], [0.0, 0.7341099977493285, -0.6790305972099304], [-0.0, -0.6790306568145752, -0.7341098785400393]], "fy": 1250.0000504168488, "fx": 1250.0000504168488}, {"id": 1, "img_name": "r_1", "width": 800, "height": 800, "position": [-0.1718739867210388, 2.731858730316162, 2.959291696548462], "rotation": [[-0.9980267286300659, -0.046095147728919976, 0.04263668879866599], [-0.06279052048921582, 0.7326614260673522, -0.6776907444000244], [-3.7252898611156825e-09, -0.6790306568145753, -0.7341099381446836]], "fy": 1250.0000504168488, "fx": 1250.0000504168488}, {"id": 2, "img_name": "r_2", "width": 800, "height": 800, "position": [-0.34313371777534474, 2.716182947158813, 2.958819150924682], "rotation": [[-0.9921147227287292, -0.09199368208646773, 0.0851209983229637], [-0.12533323466777802, 0.7282049655914307, -0.673802077770233], [1.235619126090861e-17, -0.6791574358940125, -0.7339926958084106]], "fy": 1250.0000504168488, "fx": 1250.0000504168488}, {"id": 3, "img_name": "r_3", "width": 800, "height": 800, "position": [-0.5132942199707032, 2.690782308578491, 2.9574005603790288], "rotation": [[-0.9822872281074525, -0.13747061789035803, 0.12733262777328494], [-0.18738132715225223, 0.72064608335495, -0.6675009727478027], [1.4901158563229016e-08, -0.6795374751091003, -0.7336407899856567]], "fy": 1250.0000504168488, "fx": 1250.0000504168488}, {"id": 4, "img_name": "r_4", "width": 800, "height": 800, "position": [-0.6818711757659912, 2.6557128429412837, 2.9550364017486577], "rotation": [[-0.9685832262039183, -0.18230323493480682, 0.16915144026279452], [-0.2486899346113205, 0.710024118423462, -0.6588013172149657], [7.450580615114421e-09, -0.6801700592041017, -0.7330543994903564]], "fy": 1250.0000504168488, "fx": 1250.0000504168488}, {"id": 5, "img_name": "r_5", "width": 800, "height": 800, "position": [-0.8483804464340208, 2.6110463142395015, 2.951726198196411], "rotation": [[-0.9510564804077148, -0.22627252340316775, 0.21045728027820587], [-0.30901700258255005, 0.6963951587677003, -0.6477208733558655], [1.4901159407822412e-08, -0.6810540556907653, -0.7322331666946409]], "fy": 1250.0000504168488, "fx": 1250.0000504168488}, {"id": 6, "img_name": "r_6", "width": 800, "height": 800, "position": [-1.0123374462127686, 2.556872606277466, 2.947469234466553], "rotation": [[-0.9297765493392945, -0.2691642343997956, 0.25112998485565186], [-0.36812457442283636, 0.6798312664031985, -0.6342819333076477], [3.1107362905230946e-17, -0.6821876764297486, -0.7311770319938657]], "fy": 1250.0000504168488, "fx": 1250.0000504168488}, {"id": 7, "img_name": "r_7", "width": 800, "height": 800, "position": [-1.1732574701309204, 2.493299007415771, 2.942265510559082], "rotation": [[-0.904827117919922, -0.31077042222023016, 0.2910493314266205], [-0.42577934265136724, 0.6604207754135132, -0.6185113191604613], [-7.112682372938979e-17, -0.6835686564445493, -0.7298861742019653]], "fy": 1250.0000504168488, "fx": 1250.0000504168488}, {"id": 8, "img_name": "r_8", "width": 800, "height": 800, "position": [-1.3306550979614256, 2.4204523563385, 2.9361143112182617], "rotation": [[-0.8763065934181214, -0.35089030861854553, 0.3300949037075042], [-0.4817536771297455, 0.6382669806480407, -0.6004403233528136], [1.4901160286549238e-08, -0.6851943135261536, -0.7283602952957153]], "fy": 1250.0000504168488, "fx": 1250.0000504168488}, {"id": 9, "img_name": "r_9", "width": 800, "height": 800, "position": [-1.4840440750122068, 2.338479042053222, 2.9290149211883545], "rotation": [[-0.844327986240387, -0.3893313407897949, 0.368146002292633], [-0.5358268618583678, 0.613487958908081, -0.5801051855087279], [-6.213412861576571e-17, -0.6870616078376769, -0.7265990972518919]], "fy": 1250.0000504168488, "fx": 1250.0000504168488}, {"id": 10, "img_name": "r_10", "width": 800, "height": 800, "position": [-1.6329382658004763, 2.247546434402466, 2.9209671020507812], "rotation": [[-0.8090169429779053, -0.4259108901023865, 0.40508210659027105], [-0.5877853631973267, 0.5862159132957457, -0.5575475692749022], [1.490116116028413e-08, -0.6891667246818544, -0.7246026992797853]], "fy": 1250.0000504168488, "fx": 1250.0000504168488}, {"id": 11, "img_name": "r_11", "width": 800, "height": 800, "position": [-1.7768508195877077, 2.147843360900879, 2.9119701385498042], "rotation": [[-0.7705132365226748, -0.4604564905166626, 0.4407824277877808], [-0.6374239921569824, 0.5565962195396424, -0.5328143835067749], [1.490116123926274e-08, -0.6915058493614198, -0.7223708629608153]], "fy": 1250.0000504168488, "fx": 1250.0000504168488}, {"id": 12, "img_name": "r_12", "width": 800, "height": 800, "position": [-1.915296196937561, 2.039582729339599, 2.902023792266846], "rotation": [[-0.728968560695648, -0.4928078949451447, 0.47512650489807123], [-0.6845472455024719, 0.5247869491577151, -0.5059581995010375], [-1.4901163047868192e-08, -0.6940740942955016, -0.7199034690856935]], "fy": 1250.0000504168488, "fx": 1250.0000504168488}, {"id": 13, "img_name": "r_13", "width": 800, "height": 800, "position": [-2.0477898120880127, 1.9230021238327022, 2.8911278247833243], "rotation": [[-0.6845470666885376, -0.5228167772293092, 0.5079941153526305], [-0.7289687395095824, 0.4909575283527374, -0.4770381152629851], [-1.7144888291111443e-16, -0.6968668103218079, -0.717200517654419]], "fy": 1250.0000504168488, "fx": 1250.0000504168488}, {"id": 14, "img_name": "r_14", "width": 800, "height": 800, "position": [-2.1738493442535405, 1.7983639240264897, 2.8792822360992436], "rotation": [[-0.6374239325523375, -0.5503484010696411, 0.5392656326293946], [-0.7705134153366089, 0.45528763532638555, -0.44611918926239025], [-3.741056077079531e-17, -0.6998783946037294, -0.7142620086669922]], "fy": 1250.0000504168488, "fx": 1250.0000504168488}, {"id": 15, "img_name": "r_15", "width": 800, "height": 800, "position": [-2.2929964065551762, 1.6659585237503052, 2.8664875030517587], "rotation": [[-0.5877850651741027, -0.5752823948860167, 0.5688223838806153], [-0.8090171813964845, 0.41796690225601196, -0.41327345371246343], [4.608830444391711e-17, -0.7031030058860779, -0.7110880017280579]], "fy": 1250.0000504168488, "fx": 1250.0000504168488}, {"id": 16, "img_name": "r_16", "width": 800, "height": 800, "position": [-2.404757022857665, 1.5261046886444087, 2.8527438640594465], "rotation": [[-0.5358266234397889, -0.5975128412246704, 0.5965467691421509], [-0.844327986240387, 0.37919309735298173, -0.3785799741744995], [-2.980232241560456e-08, -0.7065344452857971, -0.7076786160469053]], "fy": 1250.0000504168488, "fx": 1250.0000504168488}, {"id": 17, "img_name": "r_17", "width": 800, "height": 800, "position": [-2.508665323257447, 1.3791497945785518, 2.8380527496337895], "rotation": [[-0.4817534685134887, -0.61694997549057, 0.6223232746124269], [-0.8763067722320554, 0.33917093276977545, -0.3421249389648437], [1.4901161208503957e-08, -0.7101660370826721, -0.7040342092514039]], "fy": 1250.0000504168488, "fx": 1250.0000504168488}, {"id": 18, "img_name": "r_18", "width": 800, "height": 800, "position": [-2.604263305664062, 1.225472688674927, 2.8224155902862544], "rotation": [[-0.42577904462814326, -0.6335194110870362, 0.6460381746292114], [-0.9048271179199218, 0.2981114089488983, -0.3040023148059845], [1.4901159398901888e-08, -0.7139907479286194, -0.7001550793647765]], "fy": 1250.0000504168488, "fx": 1250.0000504168488}, {"id": 19, "img_name": "r_19", "width": 800, "height": 800, "position": [-2.6911044120788583, 1.0654827356338503, 2.8058338165283194], "rotation": [[-0.3681243062019348, -0.6471632719039916, 0.6675808429718019], [-0.929776668548584, 0.25622984766960144, -0.2643137276172639], [-0.0, -0.718001365661621, -0.696041703224182]], "fy": 1250.0000504168488, "fx": 1250.0000504168488}, {"id": 20, "img_name": "r_20", "width": 800, "height": 800, "position": [-2.7687544822692867, 0.8996220827102662, 2.7883110046386737], "rotation": [[-0.30901676416397095, -0.6578409075737, 0.6868434548377991], [-0.9510566592216492, 0.2137452811002731, -0.22316877543926245], [3.812747432870713e-17, -0.7221899032592773, -0.6916947960853579]], "fy": 1250.0000504168488, "fx": 1250.0000504168488}, {"id": 21, "img_name": "r_21", "width": 800, "height": 800, "position": [-2.8367969989776616, 0.7283647656440736, 2.7698497772216792], "rotation": [[-0.24868962168693545, -0.6655282974243163, 0.7037227153778078], [-0.9685832262039183, 0.17087841033935547, -0.1806850582361221], [-0.0, -0.7265485525131226, -0.6871151328086852]], "fy": 1250.0000504168488, "fx": 1250.0000504168488}, {"id": 22, "img_name": "r_22", "width": 800, "height": 800, "position": [-2.894832611083985, 0.5522178411483766, 2.7504544258117676], "rotation": [[-0.1873809993267059, -0.6702184677124025, 0.7181195020675658], [-0.9822872877120972, 0.12785077095031738, -0.1369883716106415], [7.45058060162193e-09, -0.7310687303543091, -0.6823037266731263]], "fy": 1250.0000504168488, "fx": 1250.0000504168488}, {"id": 23, "img_name": "r_23", "width": 800, "height": 800, "position": [-2.9424843788146973, 0.3717211782932282, 2.730129718780518], "rotation": [[-0.12533289194107056, -0.6719214320182801, 0.7299404740333555], [-0.992114782333374, 0.08488318324089052, -0.09221266955137254], [-3.7252902933037775e-09, -0.7357420921325685, -0.677261769771576]], "fy": 1250.0000504168488, "fx": 1250.0000504168488}, {"id": 24, "img_name": "r_24", "width": 800, "height": 800, "position": [-2.9793996810913073, 0.1874468177556991, 2.7088818550109868], "rotation": [[-0.06279014796018602, -0.67066490650177, 0.7390980124473573], [-0.9980267882347109, 0.042194411158561713, -0.0464998297393322], [-1.862645148710575e-09, -0.7405593991279602, -0.6719908118247985]], "fy": 1250.0000504168488, "fx": 1250.0000504168488}, {"id": 25, "img_name": "r_25", "width": 800, "height": 800, "position": [-3.0052540302276616, -1.206126285069331e-06, 2.6867170333862305], "rotation": [[4.013392072010901e-07, -0.666492462158203, 0.7455117702484133], [-1.0, -2.674895540621947e-07, 2.992030943005375e-07], [-0.0, -0.7455117702484132, -0.6664924621582031]], "fy": 1250.0000504168488, "fx": 1250.0000504168488}, {"id": 26, "img_name": "r_26", "width": 800, "height": 800, "position": [-3.0197529792785645, -0.1899880468845368, 2.6636435985565186], "rotation": [[0.06279095262289047, -0.6594647169113158, 0.7491084337234498], [-0.9980267882347108, -0.04149028658866882, 0.04713023081421852], [-0.0, -0.7505896687507629, -0.6607685685157776]], "fy": 1250.0000504168488, "fx": 1250.0000504168488}, {"id": 27, "img_name": "r_27", "width": 800, "height": 800, "position": [-3.0226366519927983, -0.3818492293357848, 2.6396698951721187], "rotation": [[0.12533369660377502, -0.6496580839157104, 0.7498238682746888], [-0.9921146631240845, -0.08207120746374129, 0.09472513198852538], [-0.0, -0.7557835578918456, -0.6548215150833129]], "fy": 1250.0000504168488, "fx": 1250.0000504168488}, {"id": 28, "img_name": "r_28", "width": 800, "height": 800, "position": [-3.0136830806732173, -0.5748922824859617, 2.614806652069092], "rotation": [[0.18738177418708798, -0.6371641755104065, 0.7476027607917786], [-0.9822871685028075, -0.12154587358236314, 0.14261321723461148], [-0.0, -0.7610836625099182, -0.6486536860466003]], "fy": 1250.0000504168488, "fx": 1250.0000504168488}, {"id": 29, "img_name": "r_29", "width": 800, "height": 800, "position": [-2.992709159851074, -0.7683987617492675, 2.589064359664917], "rotation": [[0.24869039654731753, -0.6220897436141968, 0.7423997521400452], [-0.968583106994629, -0.15972582995891577, 0.19061626493930817], [-7.45058149563944e-09, -0.7664802074432373, -0.6422678232192993]], "fy": 1250.0000504168488, "fx": 1250.0000504168488}, {"id": 30, "img_name": "r_30", "width": 800, "height": 800, "position": [-2.95957636833191, -0.9616263508796691, 2.5624563694000244], "rotation": [[0.30901750922203064, -0.6045553088188171, 0.7341805100440979], [-0.9510563611984253, -0.19643229246139532, 0.23855014145374304], [-0.0, -0.7719632387161255, -0.6356672048568726]], "fy": 1250.0000504168488, "fx": 1250.0000504168488}, {"id": 31, "img_name": "r_31", "width": 800, "height": 800, "position": [-2.914191722869874, -1.1538120508193968, 2.5349960327148438], "rotation": [[0.3681250810623169, -0.5846945643424987, 0.7229219675064088], [-0.9297763109207156, -0.23149736225605008, 0.2862255275249481], [1.4901161201616126e-08, -0.7775224447250366, -0.6288551092147826]], "fy": 1250.0000504168488, "fx": 1250.0000504168488}, {"id": 32, "img_name": "r_32", "width": 800, "height": 800, "position": [-2.8565111160278316, -1.3441742658615117, 2.5066988468170166], "rotation": [[0.4257798790931703, -0.5626534223556519, 0.7086130976676942], [-0.9048268795013429, -0.2647650241851807, 0.3334485590457916], [-1.490116298200202e-08, -0.7831478714942932, -0.6218354105949402]], "fy": 1250.0000504168488, "fx": 1250.0000504168488}, {"id": 33, "img_name": "r_33", "width": 800, "height": 800, "position": [-2.7865428924560547, -1.531917095184326, 2.477581262588501], "rotation": [[0.4817541837692261, -0.5385887026786803, 0.6912562251091005], [-0.8763064742088317, -0.2960920333862304, 0.38002184033393854], [-1.4901161199341704e-08, -0.7888293266296387, -0.6146122813224792]], "fy": 1250.0000504168488, "fx": 1250.0000504168488}, {"id": 34, "img_name": "r_34", "width": 800, "height": 800, "position": [-2.7043471336364746, -1.7162333726882937, 2.447661876678466], "rotation": [[0.5358273983001709, -0.5126674771308898, 0.6708659529685974], [-0.844327688217163, -0.32534912228584295, 0.4257450997829438], [-1.4901162945616377e-08, -0.7945564985275269, -0.607190191745758]], "fy": 1250.0000504168488, "fx": 1250.0000504168488}, {"id": 35, "img_name": "r_35", "width": 800, "height": 800, "position": [-2.610041379928589, -1.8963086605072017, 2.4169602394104004], "rotation": [[0.5877858400344849, -0.4850653409957884, 0.6474714875221254], [-0.8090167045593262, -0.35242110490798945, 0.470416247844696], [1.4901163013911743e-08, -0.8003191947937011, -0.5995739698410034]], "fy": 1250.0000504168488, "fx": 1250.0000504168488}, {"id": 36, "img_name": "r_36", "width": 800, "height": 800, "position": [-2.503799200057983, -2.0713260173797607, 2.3854973316192623], "rotation": [[0.637424647808075, -0.455965608358383, 0.6211160421371461], [-0.770512819290161, -0.37720817327499384, 0.513832688331604], [-6.219517975130767e-18, -0.8061075210571287, -0.591768980026245]], "fy": 1250.0000504168488, "fx": 1250.0000504168488}, {"id": 37, "img_name": "r_37", "width": 800, "height": 800, "position": [-2.385853528976441, -2.240468740463257, 2.353296041488648], "rotation": [[0.6845476031303405, -0.42555776238441445, 0.591857373714447], [-0.7289682030677797, -0.3996258378028869, 0.5557917952537537], [-1.4901162961853406e-08, -0.8119112253189086, -0.5837808251380922]], "fy": 1250.0000504168488, "fx": 1250.0000504168488}, {"id": 38, "img_name": "r_38", "width": 800, "height": 800, "position": [-2.2564957141876216, -2.40292739868164, 2.320380687713623], "rotation": [[0.7289691567420961, -0.39403572678565973, 0.5597676038742065], [-0.6845465302467347, -0.4196060895919798, 0.5960928797721863], [1.490116294622066e-08, -0.8177204728126526, -0.5756155252456665]], "fy": 1250.0000504168488, "fx": 1250.0000504168488}, {"id": 39, "img_name": "r_39", "width": 800, "height": 800, "position": [-2.116077899932861, -2.557902812957763, 2.2867767810821533], "rotation": [[0.7705137133598328, -0.3615972399711609, 0.5249342322349548], [-0.6374233961105347, -0.43709668517112726, 0.6345375180244446], [1.1641713879862828e-17, -0.8235253095626831, -0.5672794580459595]], "fy": 1250.0000504168488, "fx": 1250.0000504168488}, {"id": 40, "img_name": "r_40", "width": 800, "height": 800, "position": [-1.965011596679687, -2.704610824584961, 2.252511978149413], "rotation": [[0.8090174198150634, -0.3284419775009156, 0.4874593615531921], [-0.5877846479415892, -0.4520623385906219, 0.670931339263916], [-2.2442735714721756e-17, -0.8293163180351257, -0.5587794184684752]], "fy": 1250.0000504168488, "fx": 1250.0000504168488}, {"id": 41, "img_name": "r_41", "width": 800, "height": 800, "position": [-1.8037680387496946, -2.8422887325286865, 2.217614650726318], "rotation": [[0.8443283438682555, -0.29477006196975697, 0.44745975732803334], [-0.5358261466026305, -0.46448409557342507, 0.7050849795341491], [-1.7836322899016875e-17, -0.8350839614868164, -0.5501224398612976]], "fy": 1250.0000504168488, "fx": 1250.0000504168488}, {"id": 42, "img_name": "r_42", "width": 800, "height": 800, "position": [-1.6328773498535156, -2.9701988697051998, 2.182116031646728], "rotation": [[0.8763071298599243, -0.2607807517051696, 0.4050669968128204], [-0.4817529618740082, -0.47435939311981185, 0.736815631389618], [-5.0979377727225183e-17, -0.8408190011978147, -0.5413163304328917]], "fy": 1250.0000504168488, "fx": 1250.0000504168488}, {"id": 43, "img_name": "r_43", "width": 800, "height": 800, "position": [-1.4529269933700562, -3.0876340866088867, 2.1460473537445064], "rotation": [[0.9048275351524351, -0.22667117416858668, 0.3604268133640289], [-0.4257785081863403, -0.48170191049575795, 0.7659477591514587], [1.490116301185043e-08, -0.8465124368667601, -0.5323688387870789]], "fy": 1250.0000504168488, "fx": 1250.0000504168488}, {"id": 44, "img_name": "r_44", "width": 800, "height": 800, "position": [-1.2645601034164429, -3.193922519683839, 2.1094422340393066], "rotation": [[0.9297769069671633, -0.19263479113578796, 0.3136987388134002], [-0.3681237399578095, -0.48654127120971674, 0.7923146486282349], [1.490116298316506e-08, -0.8521557450294492, -0.5232881903648375]], "fy": 1250.0000504168488, "fx": 1250.0000504168488}, {"id": 45, "img_name": "r_45", "width": 800, "height": 800, "position": [-1.0684733390808105, -3.2884328365325928, 2.072335720062256], "rotation": [[0.9510567784309386, -0.15885999798774714, 0.26505556702613825], [-0.3090161085128784, -0.4889223277568816, 0.8157597184181213], [2.0601981784206882e-17, -0.8577403426170349, -0.5140831470489502]], "fy": 1250.0000504168488, "fx": 1250.0000504168488}, {"id": 46, "img_name": "r_46", "width": 800, "height": 800, "position": [-0.8654139637947083, -3.3705780506134033, 2.0347635746002206], "rotation": [[0.9685834050178528, -0.12552891671657562, 0.21468275785446167], [-0.24868896603584292, -0.4889048039913178, 0.8361374139785767], [2.527274204439234e-17, -0.8632581830024719, -0.5047626495361329]], "fy": 1250.0000504168488, "fx": 1250.0000504168488}, {"id": 47, "img_name": "r_47", "width": 800, "height": 800, "position": [-0.6561774611473083, -3.4398207664489746, 1.9967634677886963], "rotation": [[0.9822873473167419, -0.09281624853610992, 0.16277757287025452], [-0.18738034367561338, -0.4865623712539673, 0.8533144593238832], [-1.5290638998139948e-17, -0.8687013983726503, -0.4953360259532928]], "fy": 1250.0000504168488, "fx": 1250.0000504168488}, {"id": 48, "img_name": "r_48", "width": 800, "height": 800, "position": [-0.4416031539440155, -3.49567699432373, 1.95837414264679], "rotation": [[0.9921148419380188, -0.06088800355792046, 0.10954824835062028], [-0.12533223628997803, -0.48198205232620245, 0.8671706914901733], [9.300877794497418e-18, -0.8740628361701965, -0.485812783241272]], "fy": 1250.0000504168488, "fx": 1250.0000504168488}, {"id": 49, "img_name": "r_49", "width": 800, "height": 800, "position": [-0.2225708365440368, -3.5377197265624987, 1.919635772705078], "rotation": [[0.9980268478393554, -0.029900548979640007, 0.05521302297711372], [-0.06278950721025466, -0.47526335716247564, 0.8776001930236816], [-1.5992483888845515e-18, -0.8793353438377381, -0.47620299458503723]], "fy": 1250.0000504168488, "fx": 1250.0000504168488}, {"id": 50, "img_name": "r_50", "width": 800, "height": 800, "position": [3.712118086696137e-06, -3.5655829906463627, 1.880589723587036], "rotation": [[1.0, 4.856893838223186e-07, -9.208631013279957e-07], [1.0410971071905808e-06, -0.46651685237884516, 0.8845121860504153], [2.8421712771362937e-14, -0.8845122456550596, -0.4665168523788452]], "fy": 1250.0000504168488, "fx": 1250.0000504168488}, {"id": 51, "img_name": "r_51", "width": 800, "height": 800, "position": [0.2251732498407364, -3.5789654254913326, 1.8412775993347164], "rotation": [[0.9980266690254213, 0.02868098206818104, -0.05585860460996629], [0.06279158592224122, -0.45586341619491577, 0.8878319859504701], [3.833066311120987e-18, -0.8895875811576843, -0.45676472783088673]], "fy": 1250.0000504168488, "fx": 1250.0000504168488}, {"id": 52, "img_name": "r_52", "width": 800, "height": 800, "position": [0.4519639909267424, -3.577631950378417, 1.8017430305480953], "rotation": [[0.9921145439147947, 0.05601910874247549, -0.11211846768856046], [0.12533430755138394, -0.4434330165386199, 0.8875012397766113], [-3.7252900784114613e-09, -0.8945552706718445, -0.4469574391841888]], "fy": 1250.0000504168488, "fx": 1250.0000504168488}, {"id": 53, "img_name": "r_53", "width": 800, "height": 800, "position": [0.6793807744979858, -3.5614171028137207, 1.7620300054550169], "rotation": [[0.9822870492935182, 0.08190594613552095, -0.1685336083173752], [0.18738241493701935, -0.42936342954635615, 0.8834787607192992], [5.3004632130636175e-18, -0.8994099497795105, -0.4371058046817779]], "fy": 1250.0000504168488, "fx": 1250.0000504168488}, {"id": 54, "img_name": "r_54", "width": 800, "height": 800, "position": [0.9064124822616577, -3.530226707458496, 1.7221834659576414], "rotation": [[0.9685828685760498, 0.10624606162309648, -0.22485326230525968], [0.2486909925937653, -0.41379907727241516, 0.8757414221763609], [7.45058061370967e-09, -0.9041471481323241, -0.42722111940383906]], "fy": 1250.0000504168488, "fx": 1250.0000504168488}, {"id": 55, "img_name": "r_55", "width": 800, "height": 800, "position": [1.1320374011993408, -3.4840393066406254, 1.6822491884231567], "rotation": [[0.9510562419891357, 0.12895777821540833, -0.2808238863945008], [0.3090181052684784, -0.39688965678215027, 0.8642836809158326], [2.587820146905327e-19, -0.9087620377540587, -0.4173146188259125]], "fy": 1250.0000504168488, "fx": 1250.0000504168488}, {"id": 56, "img_name": "r_56", "width": 800, "height": 800, "position": [1.3552293777465818, -3.4229068756103507, 1.6422731876373287], "rotation": [[0.9297760725021363, 0.14997360110282898, -0.33619099855422974], [0.3681256771087647, -0.37878876924514765, 0.8491185903549195], [-4.086654298716756e-18, -0.9132507443428037, -0.40739780664443964]], "fy": 1250.0000504168488, "fx": 1250.0000504168488}, {"id": 57, "img_name": "r_57", "width": 800, "height": 800, "position": [1.574963092803955, -3.3469564914703356, 1.6023026704788204], "rotation": [[0.9048265814781191, 0.16924017667770383, -0.3907002508640289], [0.4257804155349731, -0.35965254902839655, 0.8302776813507078], [4.575492226460986e-17, -0.9176097512245179, -0.3974823653697967]], "fy": 1250.0000504168488, "fx": 1250.0000504168488}, {"id": 58, "img_name": "r_58", "width": 800, "height": 800, "position": [1.7902200222015385, -3.2563886642456064, 1.5623846054077148], "rotation": [[0.8763061165809632, 0.1867184638977051, -0.4440989196300507], [0.48175472021102916, -0.33963865041732794, 0.8078106045722963], [-1.5036579058643756e-18, -0.9218361377716063, -0.38757991790771484]], "fy": 1250.0000504168488, "fx": 1250.0000504168488}, {"id": 59, "img_name": "r_59", "width": 800, "height": 800, "position": [1.9999942779541016, -3.1514778137207027, 1.5225665569305418], "rotation": [[0.8443272709846498, 0.20238345861434934, -0.49613752961158747], [0.5358279347419739, -0.31890439987182617, 0.7817854285240173], [1.7095850890684915e-17, -0.9259271025657655, -0.37770229578018183]], "fy": 1250.0000504168488, "fx": 1250.0000504168488}, {"id": 60, "img_name": "r_60", "width": 800, "height": 800, "position": [2.2032985687255864, -3.032572031021118, 1.4828966856002808], "rotation": [[0.8090162873268127, 0.2162238955497742, -0.5465710759162904], [0.5877863168716432, -0.2976058423519134, 0.752288520336151], [-4.33517355077502e-17, -0.9298806190490723, -0.36786139011383057]], "fy": 1250.0000504168488, "fx": 1250.0000504168488}, {"id": 61, "img_name": "r_61", "width": 800, "height": 800, "position": [2.3991692066192623, -2.900089502334594, 1.4434226751327517], "rotation": [[0.7705124616622925, 0.22824218869209292, -0.5951606035232544], [0.6374250650405884, -0.27589666843414307, 0.7194236516952515], [-2.6847558113348164e-17, -0.9336950778961183, -0.3580690920352937]], "fy": 1250.0000504168488, "fx": 1250.0000504168488}, {"id": 62, "img_name": "r_62", "width": 800, "height": 800, "position": [2.5866718292236333, -2.7545182704925537, 1.4041924476623535], "rotation": [[0.7289677262306214, 0.23845365643501282, -0.6416743397712709], [0.6845480799674988, -0.2539266645908355, 0.6833118796348573], [2.9043029422486095e-17, -0.9373692870140077, -0.3483372926712036]], "fy": 1250.0000504168488, "fx": 1250.0000504168488}, {"id": 63, "img_name": "r_63", "width": 800, "height": 800, "position": [2.764907598495484, -2.596414089202881, 1.365254282951355], "rotation": [[0.684546172618866, 0.24688589572906489, -0.6858891248703005], [0.7289695739746094, -0.23184068500995636, 0.6440910696983337], [-1.4901161196361878e-08, -0.9409024119377135, -0.3386779129505157]], "fy": 1250.0000504168488, "fx": 1250.0000504168488}, {"id": 64, "img_name": "r_64", "width": 800, "height": 800, "position": [2.933016300201416, -2.4263963699340816, 1.326655626296997], "rotation": [[0.6374230384826659, 0.25357830524444586, -0.7275918126106261], [0.7705140113830566, -0.20977771282196042, 0.6019148230552672], [-1.490116119290083e-08, -0.9442941546440126, -0.32910275459289556]], "fy": 1250.0000504168488, "fx": 1250.0000504168488}, {"id": 65, "img_name": "r_65", "width": 800, "height": 800, "position": [3.0901839733123784, -2.2451446056365962, 1.2884440422058105], "rotation": [[0.5877843499183654, 0.2585811913013458, -0.7665802836418151], [0.8090176582336426, -0.18786977231502533, 0.5569518208503722], [2.1276878624170565e-17, -0.9475446343421936, -0.3196236193180084]], "fy": 1250.0000504168488, "fx": 1250.0000504168488}, {"id": 66, "img_name": "r_66", "width": 800, "height": 800, "position": [3.235644340515136, -2.0533967018127437, 1.2506666183471677], "rotation": [[0.535825729370117, 0.26195481419563293, -0.8026645183563234], [0.8443285822868345, -0.16624112427234647, 0.5093849897384642], [2.2278417182412017e-17, -0.9506542682647705, -0.3102521598339081]], "fy": 1250.0000504168488, "fx": 1250.0000504168488}, {"id": 67, "img_name": "r_67", "width": 800, "height": 800, "position": [3.3686842918395996, -1.851944446563721, 1.2133702039718628], "rotation": [[0.4817526042461395, 0.2637685835361481, -0.8356677293777466], [0.8763073682785034, -0.1450075656175613, 0.45941087603569025], [1.490116297557834e-08, -0.9536240696907042, -0.3010000884532929]], "fy": 1250.0000504168488, "fx": 1250.0000504168488}, {"id": 68, "img_name": "r_68", "width": 800, "height": 800, "position": [3.488648414611816, -1.6416280269622803, 1.1766008138656614], "rotation": [[0.42577821016311634, 0.26409995555877686, -0.8654271364212036], [0.9048275947570799, -0.12427560240030293, 0.4072377979755402], [7.450581487376966e-09, -0.9564552903175354, -0.29187873005867004]], "fy": 1250.0000504168488, "fx": 1250.0000504168488}, {"id": 69, "img_name": "r_69", "width": 800, "height": 800, "position": [3.5949413776397705, -1.4233325719833374, 1.1404037475585935], "rotation": [[0.36812338232994074, 0.2630332708358764, -0.8917952775955199], [0.9297770261764525, -0.10414184629917145, 0.3530853986740113], [-1.2376144643382823e-17, -0.9591495394706725, -0.28289937973022455]], "fy": 1250.0000504168488, "fx": 1250.0000504168488}, {"id": 70, "img_name": "r_70", "width": 800, "height": 800, "position": [3.6870310306549077, -1.197983741760254, 1.1048241853713987], "rotation": [[0.3090157210826874, 0.2606591582298279, -0.9146398305892944], [0.9510568976402283, -0.08469292521476746, 0.29718318581581116], [-1.2693178258715112e-17, -0.961708903312683, -0.27407315373420715]], "fy": 1250.0000504168488, "fx": 1250.0000504168488}, {"id": 71, "img_name": "r_71", "width": 800, "height": 800, "position": [3.76445198059082, -0.9665415883064269, 1.0699057579040525], "rotation": [[0.24868859350681305, 0.2570726871490478, -0.933845579624176], [0.9685835242271424, -0.0660046860575676, 0.23976945877075193], [-3.72529032300116e-09, -0.9641354084014893, -0.2654109597206115]], "fy": 1250.0000504168488, "fx": 1250.0000504168488}, {"id": 72, "img_name": "r_72", "width": 800, "height": 800, "position": [3.8268063068389897, -0.7299969792366027, 1.035691976547241], "rotation": [[0.18737998604774472, 0.2523728013038635, -0.9493138194084169], [0.9822874665260315, -0.04814233630895614, 0.18108996748924253], [-3.725290084037724e-09, -0.9664317369461058, -0.25692355632781977]], "fy": 1250.0000504168488, "fx": 1250.0000504168488}, {"id": 73, "img_name": "r_73", "width": 800, "height": 800, "position": [3.873766660690308, -0.489365041255951, 1.0022244453430178], "rotation": [[0.12533186376094818, 0.24666087329387665, -0.9609632492065429], [0.9921149611473082, -0.031160164624452587, 0.12139652669429778], [3.3340111762454143e-18, -0.9686007499694824, -0.24862128496170047]], "fy": 1250.0000504168488, "fx": 1250.0000504168488}, {"id": 74, "img_name": "r_74", "width": 800, "height": 800, "position": [3.9050767421722408, -0.245681032538414, 0.9695447683334351], "rotation": [[0.06278909742832184, 0.24003985524177548, -0.9687302708625793], [0.9980267882347108, -0.015101686120033266, 0.060945961624383926], [-9.313225751587778e-10, -0.9706454873085023, -0.2405144572257996]], "fy": 1250.0000504168488, "fx": 1250.0000504168488}, {"id": 75, "img_name": "r_75", "width": 800, "height": 800, "position": [3.9205524921417236, 5.655147106153891e-06, 0.9376928806304932], "rotation": [[-1.442436314391671e-06, 0.23261295258998868, -0.9725693464279174], [1.0, 3.3552933587088773e-07, -1.4028693158252281e-06], [-2.84217127909057e-14, -0.9725692272186279, -0.2326129674911499]], "fy": 1250.0000504168488, "fx": 1250.0000504168488}, {"id": 76, "img_name": "r_76", "width": 800, "height": 800, "position": [3.9200830459594727, 0.24663649499416349, 0.9067077636718749], "rotation": [[-0.06279198825359344, 0.2244826704263687, -0.9724528193473816], [0.9980267286300659, 0.014123584143817421, -0.06118297949433326], [9.31322685233981e-10, -0.9743757247924804, -0.22492650151252744]], "fy": 1250.0000504168488, "fx": 1250.0000504168488}, {"id": 77, "img_name": "r_77", "width": 800, "height": 800, "position": [3.903630256652832, 0.4931491017341615, 0.8766271471977235], "rotation": [[-0.12533472478389737, 0.21574962139129641, -0.9683714509010314], [0.9921145439147949, 0.0272558443248272, -0.12233523279428482], [1.8626453723869536e-09, -0.9760681986808778, -0.21746443212032318]], "fy": 1250.0000504168488, "fx": 1250.0000504168488}, {"id": 78, "img_name": "r_78", "width": 800, "height": 800, "position": [3.8712282180786137, 0.7384824156761169, 0.8474875688552855], "rotation": [[-0.18738281726837158, 0.20651188492774963, -0.9603334665298463], [0.9822869896888733, 0.039394576102495193, -0.18319492042064667], [-0.0, -0.9776507616043091, -0.2102357745170593]], "fy": 1250.0000504168488, "fx": 1250.0000504168488}, {"id": 79, "img_name": "r_79", "width": 800, "height": 800, "position": [3.822983741760253, 0.9815817475318911, 0.8193241357803345], "rotation": [[-0.24869140982627874, 0.19686378538608548, -0.9483655095100402], [0.9685828089714053, 0.05054635927081109, -0.24350045621395117], [3.725290746432907e-09, -0.9791269898414613, -0.20324930548667908]], "fy": 1250.0000504168488, "fx": 1250.0000504168488}, {"id": 80, "img_name": "r_80", "width": 800, "height": 800, "position": [3.7590739727020264, 1.2214037179946904, 0.7921710014343262], "rotation": [[-0.30901849269866943, 0.18689528107643125, -0.9325114488601686], [0.9510560035705566, 0.06072628498077394, -0.3029929697513581], [6.4705977766655255e-18, -0.9805010557174683, -0.19651342928409576]], "fy": 1250.0000504168488, "fx": 1250.0000504168488}, {"id": 81, "img_name": "r_81", "width": 800, "height": 800, "position": [3.6797461509704585, 1.4569213390350344, 0.7660605311393738], "rotation": [[-0.3681260645389557, 0.17669110000133512, -0.9128326177597047], [0.9297759532928467, 0.06995727866888048, -0.361417680978775], [-0.0, -0.9817770719528198, -0.19003620743751526]], "fy": 1250.0000504168488, "fx": 1250.0000504168488}, {"id": 82, "img_name": "r_82", "width": 800, "height": 800, "position": [3.585314750671387, 1.6871281862258913, 0.7410240173339844], "rotation": [[-0.4257808029651642, 0.16633009910583493, -0.8894070982933044], [0.9048264026641846, 0.0782693400979042, -0.418524980545044], [7.450581480784597e-09, -0.9829588532447814, -0.18382543325424192]], "fy": 1250.0000504168488, "fx": 1250.0000504168488}, {"id": 83, "img_name": "r_83", "width": 800, "height": 800, "position": [3.476160764694214, 1.9110430479049683, 0.7170910835266111], "rotation": [[-0.4817551374435425, 0.1558846682310104, -0.8623293638229371], [0.8763059377670286, 0.08569864928722379, -0.47407144308090204], [-7.4505805904963395e-09, -0.9840506315231321, -0.17788840830326078]], "fy": 1250.0000504168488, "fx": 1250.0000504168488}, {"id": 84, "img_name": "r_84", "width": 800, "height": 800, "position": [3.3527290821075444, 2.1277146339416504, 0.6942901611328126], "rotation": [[-0.535828173160553, 0.14542031288146973, -0.8317096233367919], [0.8443269133567811, 0.09228687733411789, -0.5278209447860718], [-7.450580157480275e-09, -0.9850564002990722, -0.17223218083381656]], "fy": 1250.0000504168488, "fx": 1250.0000504168488}, {"id": 85, "img_name": "r_85", "width": 800, "height": 800, "position": [3.2155249118804927, 2.3362240791320796, 0.6726480722427367], "rotation": [[-0.5877867341041565, 0.1349952071905136, -0.7976735830307007], [0.8090161681175232, 0.09808011353015898, -0.5795458555221558], [1.1069946912251352e-17, -0.9859799742698668, -0.16686345636844632]], "fy": 1250.0000504168488, "fx": 1250.0000504168488}, {"id": 86, "img_name": "r_86", "width": 800, "height": 800, "position": [3.0651133060455327, 2.5356910228729244, 0.6521900892257692], "rotation": [[-0.6374253630638123, 0.12465994060039526, -0.7603610157966613], [0.7705122232437133, 0.1031280308961868, -0.6290275454521179], [-7.450581484991245e-09, -0.9868253469467164, -0.16178844869136813]], "fy": 1250.0000504168488, "fx": 1250.0000504168488}, {"id": 87, "img_name": "r_87", "width": 800, "height": 800, "position": [2.902113199234009, 2.7252752780914307, 0.6329401135444641], "rotation": [[-0.6845484375953675, 0.11445745825767516, -0.719925582408905], [0.7289674282073975, 0.10748308897018433, -0.6760575175285339], [-0.0, -0.9875965118408203, -0.15701310336589813]], "fy": 1250.0000504168488, "fx": 1250.0000504168488}, {"id": 88, "img_name": "r_88", "width": 800, "height": 800, "position": [2.7271976470947266, 2.9041807651519775, 0.6149204969406128], "rotation": [[-0.7289698123931884, 0.1044226810336113, -0.6765344738960265], [0.6845458149909973, 0.11119923740625388, -0.7204385399818422], [-7.4505805909860585e-09, -0.9882968068122864, -0.15254299342632294]], "fy": 1250.0000504168488, "fx": 1250.0000504168488}, {"id": 89, "img_name": "r_89", "width": 800, "height": 800, "position": [2.5410878658294678, 3.0716586112976074, 0.5981520414352417], "rotation": [[-0.77051442861557, 0.09458284825086595, -0.6303662657737731], [0.6374226808547974, 0.11433143168687823, -0.7619846463203429], [7.450581489825148e-09, -0.9889299273490905, -0.1483832448720932]], "fy": 1250.0000504168488, "fx": 1250.0000504168488}, {"id": 90, "img_name": "r_90", "width": 800, "height": 800, "position": [2.344551086425781, 3.2270100116729736, 0.5826539993286134], "rotation": [[-0.8090180158615111, 0.08495748788118364, -0.5816116333007812], [0.5877837538719178, 0.11693438887596128, -0.800522744655609], [-7.450580135005546e-09, -0.9894990921020508, -0.14453868567943576]], "fy": 1250.0000504168488, "fx": 1250.0000504168488}, {"id": 91, "img_name": "r_91", "width": 800, "height": 800, "position": [2.1383974552154537, 3.3695886135101314, 0.5684441328048706], "rotation": [[-0.8443289399147034, 0.07555866986513136, -0.5304710268974303], [0.535825252532959, 0.11906188726425172, -0.8358919620513915], [-1.1032905327064522e-17, -0.9900076389312744, -0.14101362228393555]], "fy": 1250.0000504168488, "fx": 1250.0000504168488}, {"id": 92, "img_name": "r_92", "width": 800, "height": 800, "position": [1.923474669456482, 3.498802900314331, 0.5555387735366821], "rotation": [[-0.8763076066970825, 0.06639131903648376, -0.47715532779693604], [0.4817520678043365, 0.12076588720083235, -0.8679461479187012], [-3.725290740106066e-09, -0.9904583692550659, -0.13781221210956573]], "fy": 1250.0000504168488, "fx": 1250.0000504168488}, {"id": 93, "img_name": "r_93", "width": 800, "height": 800, "position": [1.7006664276123051, 3.614118099212647, 0.5439524650573733], "rotation": [[-0.9048278331756591, 0.057453576475381865, -0.42188337445259105], [0.42577755451202404, 0.12209566682577135, -0.8965522646903993], [7.038207515032703e-18, -0.9908540248870851, -0.13493798673152926]], "fy": 1250.0000504168488, "fx": 1250.0000504168488}, {"id": 94, "img_name": "r_94", "width": 800, "height": 800, "position": [1.4708871841430662, 3.7150580883026123, 0.5336983799934387], "rotation": [[-0.9297772049903871, 0.04873733595013617, -0.36488217115402216], [0.3681227266788482, 0.12309716641902925, -0.9215924143791199], [-3.6668031555376845e-18, -0.9911969900131227, -0.13239425420761108]], "fy": 1250.0000504168488, "fx": 1250.0000504168488}, {"id": 95, "img_name": "r_95", "width": 800, "height": 800, "position": [1.2350789308547976, 3.8012073040008545, 0.5247880816459656], "rotation": [[-0.9510571956634523, 0.040228798985481276, -0.3063853681087494], [0.3090151250362396, 0.12381233274936676, -0.9429634809494017], [1.4590653422809207e-19, -0.9914898276329042, -0.1301839053630829]], "fy": 1250.0000504168488, "fx": 1250.0000504168488}, {"id": 96, "img_name": "r_96", "width": 800, "height": 800, "position": [0.9942068457603456, 3.8722116947174077, 0.5172316431999207], "rotation": [[-0.968583703041077, 0.031908996403217316, -0.24663236737251287], [0.24868799746036532, 0.12427836656570432, -0.9605774879455565], [3.725290741320264e-09, -0.9917340874671937, -0.1283093839883804]], "fy": 1250.0000504168488, "fx": 1250.0000504168488}, {"id": 97, "img_name": "r_97", "width": 800, "height": 800, "position": [0.7492559552192688, 3.9277801513671875, 0.5110374689102172], "rotation": [[-0.9822876453399658, 0.023754602298140522, -0.18586751818656919], [0.1873793303966522, 0.12452735006809235, -0.9743623137474058], [-4.155924950496381e-18, -0.9919318556785583, -0.12677279114723203]], "fy": 1250.0000504168488, "fx": 1250.0000504168488}, {"id": 98, "img_name": "r_98", "width": 800, "height": 800, "position": [0.5012269616127013, 3.9676845073699947, 0.5062126517295837], "rotation": [[-0.9921149611473082, 0.015738580375909805, -0.12433909624814984], [0.12533122301101685, 0.12458572536706924, -0.9842613339424132], [3.2979226341020935e-18, -0.9920840263366699, -0.12557588517665863]], "fy": 1250.0000504168488, "fx": 1250.0000504168488}, {"id": 99, "img_name": "r_99", "width": 800, "height": 800, "position": [0.2511321008205414, 3.991761684417724, 0.5027624368667603], "rotation": [[-0.9980269074440002, 0.007830975577235222, -0.06229821220040322], [0.0627884641289711, 0.12447390705347061, -0.9902343153953552], [4.656612878107751e-10, -0.9921919107437134, -0.1247200220823288]], "fy": 1250.0000504168488, "fx": 1250.0000504168488}, {"id": 100, "img_name": "r_100", "width": 800, "height": 800, "position": [-8.328596777573695e-06, 3.999913692474365, 0.5006908178329468], "rotation": [[-1.0, -2.58621213333754e-07, 2.0660704649344557e-06], [-2.0821942143811616e-06, 0.12420611083507538, -0.992256462574005], [-2.842170940166833e-14, -0.992256462574005, -0.12420610338449477]], "fy": 1250.0000504168488, "fx": 1250.0000504168488}, {"id": 101, "img_name": "r_101", "width": 800, "height": 800, "position": [-0.2511704862117767, 3